0.0029100845414704005
0.0029606273578553412
0.001125433412677299
0.004040247038670043
0.003205475592805765
0.00029126742868500416
0.0008521341392464054
0.00240398760223271
0.0043589933346466795
0.002155513603491655
-0.0005234345649353743
0.0036305197863839567
0.00013530187622659708
-7.60736764660626e-05
0.00012238676309176585
4.450605715078382e-07
4.181692502258054e-06
-0.0004896878746972346
-0.00021868374355299717
0.0005164622693164825
0.001250988785039609
0.0010234016268728546
0.0009234556466828124
-9.500293910940327e-05
0.002166230590726053
-6.807639004747264e-05
0.0002893733744952586
0.002172013461332474
3.007629238208222e-05
0.0019091095194821001
-0.0008642191650276226
0.0041255878719599235
0.00011591318228678766
0.0011047802339530072
0.0012634573515817081
7.656950735305432e-05
0.00020981031051585313
2.5617444369025204e-05
-4.685708887564033e-07
0.0003801955445420677
0.0019522893372882926
-0.0012094885116886488
0.0005598616766962406
7.456231897824757e-06
7.044748883799912e-06
0.0007208818082242368
0.00037196890085804054
0.0009968559145961894
-0.0013348607975378975
3.343881870346434e-07
0.007207218790522586
-7.816772138444082e-05
3.8212525717241125e-06
0.0003859972235946579
1.0222975532769851e-07
0.0004968462542125819
9.460305422312319e-07
0.0025424860271557824
0.0010004390621217777
-2.3785557794709397e-07
-7.937383646836487e-05
0.00022949731814342637
-0.0007779271595369975
-9.1478171339675e-06
6.63722282153781e-05
0.00019438605258564597
0.0011600451242357896
0.0
0.0
5.33087290932599e-06
5.1663374997109425e-05
1.1723346324587463e-06
0.0002856373088356553
1.7927387686636634e-07
5.992297701034862e-05
2.8249830415243076e-05
0.0008138149297385672
0.0008668729120759771
0.001161195441000018
0.0009833178905146748
-0.0013827287197943263
0.0007893985758449006
0.00038672959305442517
0.00136841185246196
-0.00112720994212922
0.0016096685947942252
0.0006613943881491554
7.939234774312354e-05
0.006066188687997821
0.0006745732718723287
0.0018408579087822307
-0.0029081131184571667
0.0002000358493468842
-0.000144878967866565
0.0015026029997036523
0.002823129749374761
0.0005570901444834339
0.005191346236786462
-9.92523127215942e-05
0.0038663433078909293
0.006009514194661996
0.0007128716641952787
-0.00010961139788665413
-0.0004056966423784041
0.0007623961355420761
0.0016033110557959606
0.00010139452350406493
0.0039040041454810356
0.0016863111925072428
0.002624437909138291
0.0017400634057091672
0.0029978008939284145
0.0005639092829537013
0.0009550330801893755
0.0013874769000195603
0.0003493624302025541
0.0006198651246545763
-0.0014561537542536634
-0.0010917465821732644
4.136069507939953e-07
-3.223825214454815e-05
0.0021107188256696404
9.881168237095488e-05
-0.00037505702546600093
-0.0006193674495965464
-0.0006025833482023078
0.0024976441789859613
0.001955478662765879
0.0013743281432605152
-0.000997604795166377
-0.00022669408547783046
0.0002605890815510448
-1.5203513803977617e-05
0.0013781974125059175
0.0012416870135654647
0.00029496095325348985
0.003919055596940636
-0.0011443572950252257
4.9639449666995605e-05
5.911681748665088e-06
-0.00025692913559875085
0.00029921122474936627
0.00022300576938804576
0.0031219705403935606
-0.0005839648177865648
0.0015814138122981316
7.201805122223816e-05
-8.758372795856112e-06
0.001205274531936371
0.002288207949612498
0.0014858436998589528
0.0016248262970628658
0.0017064553976524621
0.0028660856409451776
0.0002831560727827309
0.0025843865261872693
0.006416646462017333
0.0010339665558645767
0.0010976866411319382
-0.0002592011900572432
-2.45598750932698e-05
0.00048600189480614634
-5.0691028570482605e-06
-8.43340180043278e-06
1.2970673262651345e-05
-0.0005975331296212971
2.6464214363311623e-05
3.3708672026777044e-05
0.00035049009383669727
3.5247582868997164e-05
0.0009293488401453942
4.848892166663925e-06
9.813322855590836e-05
0.000692471723009715
0.0007245857009006853
0.00018191553483186334
0.0015328092754077118
0.0015915967114300369
0.0028755829591414353
0.0008048457720130836
0.004305923421940717
-3.1089043352793804e-06
2.5279898502025103e-07
4.1604964089377684e-05
9.69800657912856e-05
0.0004148324132887039
-0.000513732979398858
-5.333165822058187e-05
5.51216541417058e-09
0.0013777221235949056
1.2776220237086771e-06
0.00171384230825903
1.9919320394771936e-06
-6.5837717152224905e-06
0.0005791537265921713
-0.00032230056493924504
8.067591529450475e-05
4.2632697524200726e-05
2.339220863608429e-06
-8.657022442623416e-06
